0.45900247
0.54662230
0.47376748
0.46887825
0.47430782
0.47621034
0.52238154
0.45709228
0.52445900
0.43717523
0.44494897
0.42957367
0.47349140
0.55520387
0.49128253
0.50151838
0.43141453
0.43010126
0.45767142
0.45150265
0.51620565
0.47820760
0.53129053
0.44540778
0.44634342
0.45480572
0.46268218
0.54796482
0.45613432
0.52616671
0.42164176
0.42268520
0.42235686
0.45146634
0.53562428
0.47100727
0.52594359
0.44203027
0.45507677
0.43574276
0.48766138
0.54431580
0.48237031
0.50525413
0.44562900
0.44767788
0.45356251
0.49146545
0.54998835
0.48765414
0.54553806
0.46431968
0.47807408
0.45238770
0.51462340
0.56101741
0.48744888
0.51076482
0.46466824
0.48171224
0.47003011
0.53050132
0.59731663
0.48267225
0.47991848
0.42825037
0.43956447
0.47425383
0.48753399
0.55147627
0.50934069
0.51738184
0.45720213
0.46710747
0.48530286
0.44852797
0.47435376
0.51590187
0.56399650
0.47409387
0.47256356
0.48797093
0.48570587
0.53296586
0.47437898
0.47290779
0.40474618
0.40523786
0.43809257
0.41369783
0.49258344
0.47501509
0.55702496
0.47375767
0.47068956
0.48930746
0.48724440
0.54687658
0.43918924
0.46641538
0.36793579
0.38008362
0.40172260
0.40076514
0.48521885
0.44534627
0.47317712
0.37036081
0.38146602
0.40219014
0.39802145
0.48238670
0.42510152
0.52082803
0.38363496
0.38392094
0.39646719
0.40920564
0.49735638
0.44123575
0.47857653
0.38884658
0.38550436
0.39797316
0.40598378
0.49302799
0.43932464
0.46501713
0.38174551
0.39103141
0.38950488
0.39320410
0.47883425
0.42082865
0.52576470
0.37979915
0.38807107
0.38780836
0.39439220
0.47879025
