0.21016980
0.51616573
0.99999990
0.45135152
0.39102770
0.74447263
0.15956915
0.34233257
0.46069968
0.99999990
0.29720083
0.42249045
0.37099176
0.77264716
0.36695605
0.25354369
0.16093074
0.71021702
0.62819334
0.22825214
0.99999990
0.54046333
0.69648649
0.37127006
0.99999990
0.53585499
0.70894405
0.42305840
0.99999990
0.56346715
0.69234297
0.35323734
0.99999990
0.52522416
0.69945934
0.39137725
0.99999990
0.54270230
0.13275595
0.05846251
0.06934808
0.79817321
0.16418492
0.09871129
0.22269523
0.85901257
0.32584279
0.33725888
0.81642987
0.53127919
0.12303705
0.77776632
0.54553164
0.13525669
0.51670513
0.09316343
0.28699104
0.38693635
0.86379877
0.26758126
0.09266627
0.70641096
0.05482792
0.12110029
0.33956205
0.19042605
0.63894335
0.08486670
0.23889218
0.39728715
0.76730779
0.63322856
0.19424216
0.99999990
0.60897114
0.14401592
0.47287426
0.93652219
0.51303071
0.18497127
0.39878162
0.87069950
0.66220305
0.66373024
0.54396961
0.27377046
0.43193481
0.18279273
0.79202311
0.68054657
0.51828032
0.95203287
0.52315995
0.22596078
0.12933614
0.59921327
0.20951042
0.58020805
0.26645685
0.74193625
0.13458830
0.06696293
0.84979942
0.09209957
0.18137194
0.98183009
0.47162562
0.99999990
0.15777037
0.08161402
0.44519204
0.82316707
0.42520686
0.31227506
0.58763585
0.17738237
0.10092143
0.15210066
0.85770972
0.17767177
0.15570153
0.48507862
0.79566896
0.47621419
0.14137605
0.85389955
0.46705959
0.38568544
0.06153095
0.78056666
0.71710025
0.60625420
0.40322357
0.18147649
0.08666123
0.46475832
0.70170798
0.56418014
0.63985775
0.52417151
0.48650969
0.25717227
0.61374526
0.23007016
0.55537972
0.75447629
0.46296615
0.16168240
0.99999990
0.52980168
0.36111252
0.19706518
0.13433312
0.29986465
0.42066440
0.54642592
0.45298850
0.49535015
0.98046214
0.20891778
0.36463882
0.34921772
0.52706912
0.09012548
0.30462310
0.55838592
0.57934854
0.99999990
0.60202433
0.63159242
0.48758123
0.57186598
0.26441557
0.55019589
0.58208257
0.24526778
0.44725137
0.10146663
0.39390517
0.21978363
0.39573680
0.06500903
0.23206054
0.07233329
0.16616553
0.16706173
0.56483189
0.99999990
0.60681021
0.50955696
0.41572111
0.19016892
0.53792140
0.27873180
0.45221200
0.99999990
0.52866459
0.73857846
0.99999990
0.50026110
0.87189234
0.50340717
0.99999990
0.68537480
0.51765255
0.90784348
0.40375375
0.50252556
0.05451264
0.28927229
0.22044880
0.92385018
0.48277482
0.40388640
0.13168185
0.66313677
0.05458866
0.44968323
0.65217138
0.59441376
0.57194085
0.29903096
0.53922506
0.14103282
0.50914563
0.08872005
0.25872405
0.36953766
0.51987880
0.27463967
0.30687543
0.39408813
0.12179389
0.13035511
0.28233441
0.21296645
0.44404145
0.48329494
0.23998373
0.68368297
0.50777595
0.24721971
0.67813059
0.43531458
0.36790158
0.72432721
0.44447274
0.35027273
0.74120208
0.44381793
0.99999990
0.72406969
0.25667682
0.33830541
0.26900295
0.46272881
0.12465668
0.88472821
0.11462073
0.28573632
0.39261384
0.76807020
0.22706507
0.48796298
0.16664581
0.91242596
0.59708187
0.99999990
0.19011894
0.52335690
0.36921321
0.22075329
0.84993708
0.23916166
0.16136091
0.78661950
0.44698725
0.45532073
0.76327543
0.15671777
0.66594506
0.86926938
0.37761802
0.08262719
0.45142215
0.25271552
0.69467143
0.21845203
0.12303333
0.79374173
0.25256143
0.13967781
0.70203243
0.33226536
0.30500476
0.82976958
0.40319753
0.18150118
0.66582759
0.26126733
0.10879769
0.87860214
0.27147850
0.99999990
0.54112620
0.24870945
0.99999990
0.40490869
0.23148688
0.99999990
0.55591103
0.24059603
0.99999990
0.28809225
0.24278962
0.99999990
0.55192581
0.52371547
0.78654062
0.52617622
0.24502368
0.48670577
0.99999990
0.36655964
0.10845415
0.44498411
0.99999990
0.21271940
0.50156984
0.76121850
0.47277105
0.11761972
0.32760754
0.28241718
0.63266132
0.05136656
0.99999990
0.32371812
0.24437955
0.89302581
0.05363036
0.99999990
0.19815287
0.99999990
0.52117113
0.24594358
0.12654765
0.78527334
0.63920195
0.42814997
0.42599075
0.09143132
0.66383986
0.65530462
0.35594501
0.24157262
0.89211759
0.10694231
0.09771940
0.29758694
0.99999990
0.07907407
0.09766453
0.29774684
0.99999990
0.07907312
0.55349129
0.34514306
0.99999990
0.49253258
0.66819819
0.81177097
0.40438725
0.51897154
0.65279941
0.45245410
0.50630254
0.49218564
0.12115249
0.43120373
0.49154008
0.67648858
0.96054351
0.51016857
0.35171593
0.47089202
0.35077865
0.35124971
0.40719780
0.62250917
0.40124605
0.99999990
0.46306729
0.38709793
0.41766501
0.64030406
0.99999990
0.42653407
0.83464022
0.11471065
0.64212012
0.41845396
0.77552915
0.56094139
0.44961858
0.56966123
0.34580088
0.57694539
0.67788687
0.89754249
0.17419783
0.99999990
0.44745903
0.48850316
0.70346522
0.13074288
0.83782073
0.24072092
0.97399701
0.20909874
0.32249959
0.43791883
0.99999990
0.23290710
0.49236260
0.72472877
0.15201364
0.12831408
0.99999990
0.63180048
0.24429450
0.99999990
0.05119841
0.12251369
0.32134493
0.64233618
0.58584218
0.41066607
0.99999990
0.19047932
0.20853995
0.35402121
0.86167050
0.08779485
0.11213316
0.99999990
0.39855347
0.42969787
0.90606641
0.59919527
0.26569452
0.99999990
0.38713589
0.47222738
0.84576867
0.41863727
0.32490523
0.89968201
0.48447010
0.44997233
0.99999990
0.48360347
0.40046321
0.58458492
0.37881171
0.34216901
0.99999990
0.11173414
0.13374282
0.07607389
0.89236255
0.58297925
0.99999990
0.88842908
0.50987379
0.14166751
0.32761677
0.47004597
0.92096316
0.60200082
0.44255895
0.54052877
0.49567092
0.14785014
0.57590018
0.32996706
0.79736118
0.56325111
0.53090147
0.47617837
0.69809564
0.62797318
0.58397458
0.15540882
0.60399355
0.12472683
0.45371649
0.59740408
0.67974006
0.99999990
0.40740126
0.83442835
0.43795953
0.17627971
0.11555417
0.14960781
0.91835026
0.40390297
0.41735099
0.84844269
0.45503089
0.43462328
0.82941732
0.38072687
0.35878683
0.99999990
0.39421475
0.50560547
0.72801842
0.36980269
0.38827519
0.99999990
0.46695139
0.38180260
0.99999990
0.30656372
0.65887802
0.31407096
0.62624586
0.57526082
0.20693690
0.30875355
0.30130267
0.25621865
0.74595623
0.23471985
0.12671819
0.61057218
0.43376078
0.46238189
0.60659086
0.41957572
0.33882704
0.59268021
0.49835470
0.44007141
0.64435073
0.10719168
0.09083036
0.37580970
0.79261988
0.33161399
0.36948973
0.99999990
0.28589722
0.73481675
0.40470107
0.72781057
0.20344916
0.12339200
0.30767397
0.99999990
0.23822278
0.12082068
0.28887802
0.99999990
0.46923084
0.39726064
0.79182832
0.29434718
0.25010244
0.28775619
0.77494576
0.32940142
0.33909641
0.93546104
0.59283405
0.53820559
0.99999990
0.47497192
0.46856789
0.95222958
0.47453344
0.61299608
0.63483626
0.56890123
0.56970525
0.98413925
0.53945070
0.57946080
0.97617661
0.47494362
0.47695251
0.82535659
0.15439734
0.16933203
0.26291023
0.99999990
0.52667641
0.80460023
0.14694008
0.77984560
0.48423723
0.99999990
0.55398545
0.29191394
0.19859480
0.99999990
0.52562214
0.15345572
0.63375848
0.41855187
0.45176439
0.82405585
0.64272339
0.18990769
0.37405341
0.17907423
0.18082282
0.66569869
0.29218780
0.43433567
0.57418019
0.50368964
0.94275241
0.43680642
0.51188009
0.88724599
0.59173744
0.55182236
0.75259263
0.59119350
0.55894687
0.85606451
0.56667855
0.49593530
0.90645374
0.29364475
0.40460314
0.64689940
0.62181549
0.19072952
0.39390302
0.81426297
0.06900646
0.31749818
0.37776014
0.93937163
0.21664953
0.67626068
0.34195509
0.56067657
0.35100977
0.46216153
0.28956486
0.78721625
0.39396327
0.20791471
0.63799403
0.20942419
0.37271006
0.46647450
0.66187875
0.15842496
0.31827940
0.28592605
0.77943417
0.31644050
0.39359091
0.28465968
0.85290145
0.41001818
0.23564600
0.43145171
0.99999990
0.64693915
0.52796837
0.99999990
0.40473321
0.41306282
0.89057230
0.06903602
0.13039807
0.31423314
0.75754295
0.48850002
0.62771649
0.59286973
0.44703599
0.42086675
0.86611008
0.17123218
0.21911380
0.37036517
0.94114992
0.21660089
0.15009292
0.78119175
0.43628342
0.72308182
0.67858935
0.51704725
0.05907187
0.30544951
0.35513026
0.99999990
0.43642962
0.41651688
0.57130110
0.81921621
0.29364170
0.79576105
0.16242068
0.32626922
0.30094788
0.47989327
0.53181916
0.47461033
0.59104648
0.49094551
0.49408329
0.84016887
0.46740921
0.38068145
0.69918270
0.34373125
0.41338715
0.83750702
0.08156145
0.38325186
0.28556806
0.89703408
0.55160840
0.20286521
0.59975929
0.52010290
0.53003544
0.73538689
0.57149757
0.28356873
0.84950366
0.19569124
0.40677456
0.20113311
0.56159041
0.11229020
0.10313325
0.70914265
0.49634869
0.99999990
0.07622487
0.51751330
0.50796780
0.52812963
0.99999990
0.75120286
0.55931938
0.33152328
0.40927884
0.62080002
0.66695120
0.48127518
0.58510328
0.47531250
0.07324277
0.47281412
0.76019141
0.43778025
0.40346315
0.53036544
0.68417241
0.09186480
0.62849178
0.53419816
0.39129888
0.30079118
0.78365582
0.27890826
0.50981776
0.27745477
0.90427562
0.15260102
0.53138607
0.14448652
0.70364503
0.16040046
0.10666307
0.34327947
0.15212559
0.78923447
0.72615254
0.67174669
0.13436153
0.72692719
0.27413836
0.37915229
0.34769945
0.11325810
0.42029907
0.30459269
0.37452010
0.76668843
0.62554631
0.53992191
0.64574577
0.38806972
0.38035397
0.41644969
0.06299726
0.13465667
0.38600930
0.64358002
0.45448032
0.57324077
0.34787700
0.31511858
0.42826316
0.99999990
0.43023789
0.20480324
0.69354412
0.51171112
0.30068828
0.31646712
